planta*1,2,3,43,44,45,46,47,69,70,71,102,103,114,182,465
bicho*10,11,12,13,14,15,46,47,48,49,123,127,212
volador*16,17,18,21,22,41,42,169,83,84,85,142
humanoide*63,64,65,66,67,68,96,97,106,107,122,124,125,126,237,466,467
mineral*74,75,76,81,82,95,100,101,137,233,208,462,474
amorfo*88,89,92,93,94,109,110
campo*19,20,23,24,25,26,27,28,29,30,31,32,33,34,37,38,50,51,52,53,54,55,56,57,58,59,77,78,83,86,87,111,112,128,133,134,135,136,196,197,464,470,471,700
agua1*7,8,9,54,55,60,61,62,79,80,86,87,116,117,131,138,139,140,141,147,148,149,186,199,230
agua2*118,119,129,130
agua3*72,73,90,91,98,99,120,121,138,139,140,141
monstruo*1,2,3,4,5,6,7,8,9,29,30,31,32,33,34,79,80,104,105,108,111,112,115,131,143,199,463,464
hada*25,26,35,36,39,40,113,242
dragon*4,5,6,23,24,116,117,129,130,147,148,149,230